aves
115
112
111
111
109
103
98
87
86
102
104
104
100
97
96
90
89
91
83
84
98
94
100
101
100
99
100
95
95
95
95
95
95
95
95
95
95
95
95
85
82
80
83
92
96
96
96
96
92
79
73
72
74
76
87
89
96
96
96
96
96
96
96
96
82
78
75
75
77
95
94
94
94
95
95
95
96
96
96
96
96
96
96
100
98
103
103
103
103
103
99
97
96
96
97
96
96
98
97
97
97
86
86
86
81
83
86
96
96
96
96
96
96
96
96
96
96
96
96
whites
33
30
29
29
28
33
35
40
44
45
44
44
46
38
37
38
38
37
37
39
39
45
42
41
39
32
33
23
23
23
23
23
22
22
22
22
22
22
22
24
25
27
26
24
23
23
23
23
24
29
33
34
33
32
27
27
24
24
24
24
24
24
24
24
28
22
19
19
16
13
15
15
15
16
16
18
21
26
26
26
26
26
26
28
27
30
30
30
30
30
30
36
37
37
36
35
35
28
26
25
25
