aves
0
0
0
0
1
1
1
1
1
1
1
1
0
0
0
0
0
0
0
109
104
122
121
119
118
117
117
116
115
115
114
114
113
113
113
112
112
111
111
111
110
110
110
109
109
109
109
109
109
109
109
107
105
102
90
89
88
87
86
80
79
78
76
76
75
76
76
76
76
76
76
76
76
76
77
77
77
76
77
77
77
77
77
77
77
77
77
76
76
76
77
78
77
77
77
77
77
78
78
78
78
78
78
78
78
78
78
78
78
77
77
77
77
78
78
78
78
78
79
whites
0
0
0
2
3
4
4
4
4
4
3
3
0
0
0
0
0
0
0
10
24
58
77
80
82
84
85
87
88
89
90
91
92
93
93
94
95
96
97
97
98
98
99
100
100
100
101
101
101
101
101
98
94
89
66
62
60
60
57
46
44
41
38
37
36
37
36
36
36
36
36
36
36
36
35
35
35
36
35
35
34
34
33
32
30
29
27
26
23
21
19
21
22
22
22
22
22
22
22
23
23
24
25
26
29
29
29
29
29
28
27
27
26
26
26
24
22
20
19
