aves
146
145
145
145
147
148
149
150
150
150
150
151
153
154
154
155
153
152
151
152
152
0
0
0
17
17
46
51
103
150
148
145
137
119
117
108
106
111
112
113
113
113
112
112
112
111
111
111
110
110
108
105
103
100
96
92
89
86
79
78
74
72
71
71
71
71
71
71
71
71
71
65
66
66
66
66
72
71
71
71
71
72
72
72
72
72
72
72
76
76
76
76
82
84
88
87
89
89
85
73
73
73
73
75
92
93
80
95
95
80
96
96
96
90
73
74
73
76
74
whites
6
6
6
6
7
11
13
16
18
18
19
15
12
11
10
9
9
10
9
8
3
0
0
0
5
4
7
6
4
18
23
29
36
49
55
79
87
87
89
92
92
93
94
95
95
96
97
97
98
99
95
91
87
83
75
67
62
57
43
41
33
29
28
27
27
27
27
27
27
27
27
31
32
31
31
31
27
26
26
26
26
25
25
25
25
24
24
24
29
29
29
29
32
33
33
31
32
32
30
25
25
25
25
27
37
40