aves
100
103
103
102
103
104
103
103
104
106
106
106
104
105
106
106
110
107
103
100
100
101
99
99
100
97
95
97
103
108
108
108
106
101
101
101
101
101
103
104
101
101
101
101
101
101
101
101
101
101
101
101
101
101
101
101
101
101
101
101
101
101
101
101
101
102
102
101
101
101
101
101
101
101
101
101
101
101
101
101
101
101
101
101
101
101
101
101
101
101
101
101
101
100
100
99
99
98
99
99
100
100
101
102
102
102
102
102
103
103
106
106
106
105
103
103
102
102
101
whites
68
64
63
65
71
72
74
75
75
74
74
74
76
75
71
67
63
61
61
53
53
54
52
52
50
51
50
50
49
48
49
49
46
40
40
40
40
40
42
43
40
40
40
40
40
40
40
40
40
40
40
40
40
40
40
40
40
40
40
40
40
40
40
40
40
39
39
40
40
40
40
40
40
40
40
40
40
40
40
40
40
39
39
39
38
38
38
37
37
37
37
37
37
38
39
40
39
40
41
40
39
38
37
37
37
37
36
36
35
33
28
24
23
24
26
26
26
28
28
